3.14541174502841027019385211055596446229489549303286208998628034825342117067982148086513282306647093844609550582231725359408128
1174502841027019385211055596446229489549303286208998628034825342117067982148086513282306647093844609550582231725359408128
1174502841027019385211055596446229489549303286208998628034825342117067982148086513282306647093844609550582231725359408128
1174502841027019385211055596446229489549303286208998628034825342117067982148086513282306647093844609550582231725359408128
1174502841027019385211055596446229489549303286208998628034825342117067982148086513282306647093844609550582231725359408128
1174502841027019385211055596446229489549303286208998628034825342117067982148086513282306647093844609550582231725359408128
1174502841027019385211055596446229489549303286208998628034825342117067982148086513282306647093844609550582231725359408128
1174502841027019385211055596446229489549303286208998628034825342117067982148086513282306647093844609550582231725359408128
1174502841027019385211055596446229489549303286208998628034825342117067982148086513282306647093844609550582231725359408128
1174502841027019385211055596446229489549303286208998628034825342117067982148086513282306647093844609550582231725359408128
1174502841027019385211055596446229489549303286208998628034825342117067982148086513282306647093844609550582231725359408128
1174502841027019385211055596446229489549303286208998628034825342117067982148086513282306647093844609550582231725359408128
1174502841027019385211055596446229489549303286208998628034825342117067982148086513282306647093844609550582231725359408128
1174502841027019385211055596446229489549303286208998628034825342117067982148086513282306647093844609550582231725359408128
1174502841027019385211055596446229489549303286208998628034825342117067982148086513282306647093844609550582231725359408128
1174502841027019385211055596446229489549303286208998628034825342117067982148086513282306647093844609550582231725359408128
1174502841027019385211055596446229489549303286208998628034825342117067982148086513282306647093844609550582231725359408128
1174502841027019385211055596446229489549303286208998628034825342117067982148086513282306647093844609550582231725359408128
1174502841027019385211055596446229489549303286208998628034825342117067982148086513282306647093844609550582231725359408128
1174502841027019385211055596446229489549303286208998628034825342117067982148086513282306647093844609550582231725359408128
1174502841027019385211055596446229489549303286208998628034825342117067982148086513282306647093844609550582231725359408128
1174502841027019385211055596446229489549303286208998628034825342117067982148086513282306647093844609550582231725359408128
1174502841027019385211055596446229489549303286208998628034825342117067982148086513282306647093844609550582231725359408128
1174502841027019385211055596446229489549303286208998628034825342117067982148086513282306647093844609550582231725359408128
1174502841027019385211055596446229489549303286208998628034825342117067982148086513282306647093844609550582231725359408128
1174502841027019385211055596446229489549303286208998628034825342117067982148086513282306647093844609550582231725359408128
1174502841027019385211055596446229489549303286208998628034825342117067982148086513282306647093844609550582231725359408128
1174502841027019385211055596446229489549303286208998628034825342117067982148086513282306647093844609550582231725359408128
1174502841027019385211055596446229489549303286208998628034825342117067982148086513282306647093844609550582231725359408128
1174502841027019385211055596446229489549303286208998628034825342117067982148086513282306647093844609550582231725359408128
1174502841027019385211055596446229489549303286208998628034825342117067982148086513282306647093844609550582231725359408128
1174502841027019385211055596446229489549303286208998628034825342117067982148086513282306647093844609550582231725359408128
1174502841027019385211055596446229489549303286208998628034825342117067982148086513282306647093844609550582231725359408128
1174502841027019385211055596446229489549303286208998628034825342117067982148086513282306647093844609550582231725359408128
1174502841027019385211055596446229489549303286208998628034825342117067982148086513282306647093844609550582231725359408128
1174502841027019385211055596446229489549303286208998628034825342117067982148086513282306647093844609550582231725359408128
1174502841027019385211055596446229489549303286208998628034825342117067982148086513282306647093844609550582231725359408128
1174502841027019385211055596446229489549303286208998628034825342117067982148086513282306647093844609550582231725359408128
1174502841027019385211055596446229489549303286208998628034825342117067982148086513282306647093844609550582231725359408128
1174502841027019385211055596446229489549303286208998628034825342117067982148086513282306647093844609550582231725359408128
1174502841027019385211055596446229489549303286208998628034825342117067982148086513282306647093844609550582231725359408128
1174502841027019385211055596446229489549303286208998628034825342117067982148086513282306647093844609550582231725359408128
1174502841027019385211055596446229489549303286208998628034825342117067982148086513282306647093844609550582231725359408128
1174502841027019385211055596446229489549303286208998628034825342117067982148086513282306647093844609550582231725359408128
1174502841027019385211055596446229489549303286208998628034825342117067982148086513282306647093844609550582231725359408128
1174502841027019385211055596446229489549303286208998628034825342117067982148086513282306647093844609550582231725359408128
1174502841027019385211055596446229489549303286208998628034825342117067982148086513282306647093844609550582231725359408128
1174502841027019385211055596446229489549303286208998628034825342117067982148086513282306647093844609550582231725359408128
1174502841027019385211055596446229489549303286208998628034825342117067982148086513282306647093844609550582231725359408128
1174502841027019385211055596446229489549303286208998628034825342117067982148086513282306647093844609550582231725359408128
1174502841027019385211055596446229489549303286208998628034825342117067982148086513282306647093844609550582231725359408128
1174502841027019385211055596446229489549303286208998628034825342117067982148086513282306647093844609550582231725359408128
1174502841027019385211055596446229489549303286208998628034825342117067982148086513282306647093844609550582231725359408128
1174502841027019385211055596446229489549303286208998628034825342117067982148086513282306647093844609550582231725359408128
1174502841027019385211055596446229489549303286208998628034825342117067982148086513282306647093844609550582231725359408128
1174502841027019385211055596446229489549303286208998628034825342117067982148086513282306647093844609550582231725359408128
1174502841027019385211055596446229489549303286208998628034825342117067982148086513282306647093844609550582231725359408128
1174502841027019385211055596446229489549303286208998628034825342117067982148086513282306647093844609550582231725359408128
1174502841027019385211055596446229489549303286208998628034825342117067982148086513282306647093844609550582231725359408128
1174502841027019385211055596446229489549303286208998628034825342117067982148086513282306647093844609550582231725359408128
1174502841027019385211055596446229489549303286208998628034825342117067982148086513282306647093844609550582231725359408128
1174502841027019385211055596446229489549303286208998628034825342117067982148086513282306647093844609550582231725359408128
1174502841027019385211055596446229489549303286208998628034825342117067982148086513282306647093844609550582231725359408128
1174502841027019385211055596446229489549303286208998628034825342117067982148086513282306647093844609550582231725359408128
1174502841027019385211055596446229489549303286208998628034825342117067982148086513282306647093844609550582231725359408128
1174502841027019385211055596446229489549303286208998628034825342117067982148086513282306647093844609550582231725359408128
1174502841027019385211055596446229489549303286208998628034825342117067982148086513282306647093844609550582231725359408128
1174502841027019385211055596446229489549303286208998628034825342117067982148086513282306647093844609550582231725359408128
1174502841027019385211055596446229489549303286208998628034825342117067982148086513282306647093844609550582231725359408128
1174502841027019385211055596446229489549303286208998628034825342117067982148086513282306647093844609550582231725359408128
1174502841027019385211055596446229489549303286208998628034825342117067982148086513282306647093844609550582231725359408128
1174502841027019385211055596446229489549303286208998628034825342117067982148086513282306647093844609550582231725359408128
1174502841027019385211055596446229489549303286208998628034825342117067982148086513282306647093844609550582231725359408128
1174502841027019385211055596446229489549303286208998628034825342117067982148086513282306647093844609550582231725359408128
1174502841027019385211055596446229489549303286208998628034825342117067982148086513282306647093844609550582231725359408128
1174502841027019385211055596446229489549303286208998628034825342117067982148086513282306647093844609550582231725359408128
1174502841027019385211055596446229489549303286208998628034825342117067982148086513282306647093844609550582231725359408128
1174502841027019385211055596446229489549303286208998628034825342117067982148086513282306647093844609550582231725359408128
1174502841027019385211055596446229489549303286208998628034825342117067982148086513282306647093844609550582231725359408128
1174502841027019385211055596446229489549303286208998628034825342117067982148086513282306647093844609550582231725359408128
1174502841027019385211055596446229489549303286208998628034825342117067982148086513282306647093844609550582231725359408128
1174502841027019385211055596446229489549303286208998628034825342117067982148086513282306647093844609550582231725359408128
1174502841027019385211055596446229489549303286208998628034825342117067982148086513282306647093844609550582231725359408128
1174502841027019385211055596446229489549303286208998628034825342117067982148086513282306647093844609550582231725359408128
1174502841027019385211055596446229489549303286208998628034825342117067982148086513282306647093844609550582231725359408128
1174502841027019385211055596446229489549303286208998628034825342117067982148086513282306647093844609550582231725359408128
1174502841027019385211055596446229489549303286208998628034825342117067982148086513282306647093844609550582231725359408128
1174502841027019385211055596446229489549303286208998628034825342117067982148086513282306647093844609550582231725359408128
1174502841027019385211055596446229489549303286208998628034825342117067982148086513282306647093844609550582231725359408128
1174502841027019385211055596446229489549303286208998628034825342117067982148086513282306647093844609550582231725359408128
1174502841027019385211055596446229489549303286208998628034825342117067982148086513282306647093844609550582231725359408128
1174502841027019385211055596446229489549303286208998628034825342117067982148086513282306647093844609550582231725359408128
1174502841027019385211055596446229489549303286208998628034825342117067982148086513282306647093844609550582231725359408128
1174502841027019385211055596446229489549303286208998628034825342117067982148086513282306647093844609550582231725359408128
1174502841027019385211055596446229489549303286208998628034825342117067982148086513282306647093844609550582231725359408128
1174502841027019385211055596446229489549303286208998628034825342117067982148086513282306647093844609550582231725359408128
1174502841027019385211055596446229489549303286208998628034825342117067982148086513282306647093844609550582231725359408128
1174502841027019385211055596446229489549303286208998628034825342117067982148086513282306647093844609550582231725359408128
1174502841027019385211055596446229489549303286208998628034825342117067982148086513282306647093844609550582231725359408128
1174502841027019385211055596446229489549303286208998628034825342117067982148086513282306647093844609550582231725359408128
1174502841027019385211055596446229489549303286208998628034825342117067982148086513282306647093844609550582231725359408128
1174502841027019385211055596446229489549303v286208998628034825342117067982148086513282306647093844609550582231725359408128